-24,-75,-75
-23,-110,-79
-27,-83,-103
-26,-99,-114
-27,-111,-88
-27,-112,-76
-23,-125,-111
-25,-114,-117
-27,-122,-81
-23,-103,-120
-24,-92,-102
-27,-115,-85
-24,-110,-117
-26,-78,-120
-23,-97,-87
-26,-99,-88
-26,-100,-79
-25,-89,-90
-27,-80,-92
-24,-82,-72
-28,-67,-107
-27,-112,-107
-26,-106,-67
-27,-68,-96
-27,-83,-108
-26,-101,-71
-28,-72,-91
-27,-115,-114
-23,-121,-111
-23,-83,-113
-23,-103,-74
-27,-89,-100
-26,-120,-102
-24,-80,-94
-23,-126,-71
-27,-106,-69
-26,-97,-113
-26,-80,-76
-25,-86,-90
-25,-85,-96
-28,-70,-111
-24,-117,-113
-26,-67,-104
-24,-111,-101
-27,-91,-102
-24,-116,-125
-27,-67,-83
-23,-125,-114
-23,-78,-127
-23,-97,-90
-26,-104,-116
-23,-87,-84
-24,-117,-105
-27,-121,-92
-24,-118,-79
-26,-106,-71
-28,-65,-98
-28,-69,-69
-24,-94,-127
-26,-97,-77
-23,-123,-122
-23,-78,-115
-27,-113,-78
-27,-108,-112
-24,-76,-71
-27,-69,-119
-27,-78,-111
-24,-106,-101
-23,-101,-73
-24,-76,-70
-27,-128,-86
-26,-79,-92
-26,-69,-107
-26,-82,-73
-25,-67,-105
-26,-81,-107
-23,-125,-99
-23,-126,-84
-27,-82,-119
-27,-72,-72
-28,-71,-112
-28,-70,-114
-26,-105,-74
-27,-126,-123
-25,-102,-82
-27,-115,-98
-23,-67,-112
-27,-70,-73
-28,-68,-115
-28,-67,-103
-27,-123,-125
-27,-115,-100
-23,-95,-66
-27,-83,-97
-27,-71,-77
-23,-69,-124
-27,-110,-116
-25,-87,-122
-24,-112,-89
-27,-80,-71
-27,-89,-102
-23,-126,-75
-26,-71,-101
-26,-79,-86
-25,-91,-127
-26,-81,-101
-25,-90,-71
-25,-117,-124
-25,-79,-77
-24,-76,-99
-26,-104,-114
-24,-121,-89
-24,-82,-95
-28,-68,-113
-26,-120,-112
-26,-120,-76
-24,-80,-120
-27,-82,-117
-24,-116,-123
-27,-70,-98
-25,-122,-118
-25,-70,-86
-24,-120,-110
-27,-79,-120
-23,-95,-71
-25,-91,-99
-24,-111,-93
-26,-94,-127
-26,-99,-100
-23,-104,-82
-24,-109,-99
-23,-105,-75
-27,-72,-83
-27,-83,-93
-23,-70,-69
-27,-68,-70
-24,-76,-66
-24,-73,-81
-27,-88,-124
-27,-115,-79
-26,-79,-97
-25,-85,-91
-23,-94,-100
-23,-125,-83
-26,-94,-123
-25,-101,-101
-26,-98,-105
-27,-120,-127
-23,-110,-97
-27,-66,-112
-23,-126,-79
-23,-86,-122
-23,-85,-104
-27,-92,-113
-24,-108,-95
-25,-108,-80
-26,-88,-118
-24,-125,-95
-27,-121,-116
-23,-100,-115
-24,-103,-98
-28,-72,-121
-26,-108,-81
-26,-97,-81
-26,-104,-99
-25,-82,-95
-27,-115,-94
-24,-114,-85
-25,-69,-113
-26,-120,-65
-24,-93,-104
-25,-68,-86
-27,-71,-78
-24,-89,-93
-27,-70,-108
-27,-82,-105
-28,-72,-127
-27,-82,-93
-24,-76,-78
-23,-126,-109
-23,-125,-127
-27,-115,-107
-26,-99,-83
-26,-76,-86
-27,-116,-123
-24,-81,-72
-27,-73,-90
-25,-97,-77
-27,-76,-108
-27,-112,-119
-23,-110,-82
-23,-66,-102
-25,-88,-117
-27,-75,-121
-23,-126,-94
-26,-69,-111
-24,-93,-76
-23,-103,-122
-24,-115,-93
-25,-65,-127
-24,-115,-128
-25,-66,-118
-28,-70,-114
-26,-125,-96
-25,-108,-124
-26,-101,-78
-27,-82,-74
-27,-80,-127
-24,-118,-82
-25,-66,-65
-27,-126,-88
-23,-99,-77
-26,-79,-78
-23,-126,-76
-25,-77,-100
-26,-99,-66
-28,-70,-107
-26,-82,-75
-27,-81,-116
-27,-73,-85
-28,-71,-116
-25,-124,-90
-27,-73,-76
-27,-68,-109
-25,-119,-89
-23,-102,-105
-27,-79,-79
-24,-80,-73
-24,-67,-90
-28,-66,-81
-27,-82,-109
-24,-109,-84
-27,-123,-88
-23,-125,-105
-25,-113,-83
-28,-69,-80
-25,-89,-117
-28,-69,-78
-28,-68,-118
-27,-82,-85
-27,-82,-127
-28,-69,-121
-26,-96,-66
-26,-102,-76
-25,-108,-104
-23,-110,-83
-27,-114,-119
-26,-120,-114
-25,-91,-106
-26,-83,-90
-25,-84,-90
-27,-120,-104
-26,-103,-81
-24,-87,-71
-26,-99,-97
-23,-66,-103
-27,-113,-74
-27,-71,-72
-27,-113,-72
-23,-97,-74
-23,-125,-100
-23,-69,-114
-24,-109,-97
-26,-70,-91
-27,-115,-80
-27,-82,-65
-25,-103,-67
-26,-128,-128
-24,-110,-78
-23,-126,-80
-28,-69,-114
-23,-124,-126
-25,-76,-94
-27,-110,-72
-25,-79,-115
-24,-75,-106
-27,-115,-109
-24,-108,-70
-27,-79,-96
-24,-110,-103
-26,-79,-96
-28,-71,-108
-23,-104,-76
-23,-125,-127
-24,-125,-91
-24,-125,-67
-24,-117,-115
-27,-113,-116
-23,-105,-69
-24,-114,-104
-27,-123,-102
-25,-65,-97
-24,-80,-83
-24,-76,-95
-27,-118,-77
-23,-128,-124
-27,-89,-84
-25,-108,-77
-26,-119,-74
-27,-96,-75
-27,-122,-119
-27,-82,-80
-23,-125,-90
-23,-101,-115
-27,-115,-76
-25,-110,-87
-26,-95,-111
-26,-95,-126
-26,-65,-82
-25,-119,-101
-27,-81,-65
-23,-128,-102
-24,-66,-71
-26,-119,-120
-25,-121,-107
-27,-122,-128
-26,-75,-90
-27,-80,-102
-27,-122,-100
-26,-72,-87
-27,-120,-85
-27,-70,-124
-26,-103,-113
-26,-97,-76
-25,-98,-65
-23,-104,-114
-27,-123,-123
-26,-123,-107
-24,-65,-98
-24,-116,-71
-28,-71,-96
-27,-82,-90
-24,-119,-66
-23,-79,-68
-27,-82,-71
-27,-112,-111
-27,-113,-92
-26,-104,-109
-26,-123,-114
-26,-120,-120
-27,-69,-106
-27,-70,-66
-25,-69,-120
-26,-102,-88
-27,-79,-123
-24,-95,-95
-26,-83,-91
-23,-125,-67
-24,-128,-65
-26,-69,-95
-27,-68,-104
-27,-116,-95
-27,-101,-67
-26,-106,-121
-27,-81,-121
-27,-71,-65
-25,-90,-124
-23,-104,-103
-28,-72,-100
-26,-84,-89
-26,-82,-77
-26,-78,-125
-27,-120,-87
-24,-108,-102
-24,-74,-118
-27,-92,-108
-23,-102,-122
-27,-72,-120
-27,-73,-87
-27,-114,-115
-24,-127,-126
-26,-103,-127
-27,-117,-66
-26,-107,-106
-24,-98,-115
-27,-122,-73
-24,-88,-66
-24,-66,-101
-23,-104,-102
-23,-126,-93
-25,-82,-128
-23,-91,-74
-25,-87,-70
-26,-101,-66
-26,-81,-117
-26,-78,-103
-28,-71,-100
-27,-123,-69
-23,-98,-96
-23,-95,-69
-28,-72,-80
-27,-73,-94
-27,-123,-77
-24,-110,-81
-25,-101,-72
-26,-97,-91
-27,-112,-114
-24,-115,-122
-25,-70,-94
-26,-72,-72
-23,-125,-113
-25,-85,-70
-26,-99,-125
-23,-128,-81
-25,-101,-106
-25,-101,-118
-26,-95,-109
-27,-123,-84
-28,-69,-119
-25,-99,-93
-27,-78,-77
-27,-72,-123
-25,-68,-111
-28,-70,-94
-27,-122,-75
-23,-125,-120
-26,-100,-119
-25,-112,-76
-27,-67,-110
-26,-75,-73
-26,-103,-117
-26,-91,-102
-23,-105,-85
-26,-77,-107
-26,-79,-99
-23,-124,-94
-26,-74,-126
-23,-110,-90
-27,-107,-122
-25,-119,-97
-28,-67,-104
-28,-67,-76
-28,-68,-81
-24,-75,-113
-27,-94,-88
-27,-109,-120
-24,-80,-81
-25,-81,-127
-27,-71,-76
-25,-120,-79
-23,-104,-77
-28,-67,-97
-24,-88,-128
-25,-90,-113
-27,-115,-105
-25,-127,-85
-23,-109,-127
-24,-65,-97
-26,-68,-122
-27,-82,-104
-27,-122,-68
-25,-100,-97
-27,-79,-107
-25,-71,-127
-26,-86,-128
-25,-91,-83
-27,-81,-122
-26,-107,-84
-26,-113,-83
-24,-120,-100
-26,-91,-68
-25,-106,-113
-27,-122,-110
-26,-75,-111
-26,-116,-102
-24,-125,-74
-23,-102,-113
-23,-85,-104
-25,-102,-117
-27,-114,-97
-25,-89,-115
-25,-69,-125
-27,-68,-91
-28,-69,-109
-25,-100,-83
-24,-71,-121
-24,-90,-125
-23,-104,-65
-23,-105,-88
-26,-127,-67
-26,-99,-91
-25,-74,-90
-27,-113,-84
-28,-69,-86
-23,-93,-114
-28,-69,-117
-27,-73,-88
-26,-100,-88
-28,-70,-84
-25,-117,-112
-23,-125,-121
-24,-103,-114
-26,-98,-102
-26,-118,-105
-24,-66,-66
-26,-99,-98
-24,-117,-116
-26,-118,-104
-23,-70,-90
-27,-70,-122
-24,-65,-121
-25,-85,-71
-25,-85,-81
-23,-78,-100
-25,-102,-121
-28,-70,-109
-24,-128,-127
-26,-104,-81
-25,-89,-104
-25,-107,-123
-23,-126,-99
-24,-65,-104
-27,-82,-66
-23,-105,-66
-24,-66,-100
-25,-70,-75
-28,-66,-76
-28,-72,-121,-28,-65,-97
-27,-113,-72,-23,-87,-84
-28,-72,-118,-27,-82,-104
-26,-84,-89,-23,-104,-77
-27,-92,-113,-28,-66,-81
-24,-81,-72,-24,-111,-101
-23,-105,-69,-28,-70,-70
-28,-72,-100,-26,-106,-71
-24,-75,-85,-24,-65,-98
-25,-102,-121,-25,-108,-85
-25,-66,-118,-24,-120,-116
-27,-80,-119,-24,-65,-97
-27,-123,-84,-25,-66,-118
-26,-66,-71,-27,-113,-80
-27,-123,-84,-27,-122,-74
-27,-82,-105,-26,-83,-93
-26,-65,-82,-23,-104,-77
-26,-73,-77,-28,-70,-114
-27,-115,-107,-28,-70,-114
-27,-92,-86,-27,-113,-108
-25,-108,-77,-27,-79,-96
-27,-123,-84,-27,-83,-103
-28,-69,-78,-27,-83,-103
-24,-67,-87,-24,-66,-107
-28,-69,-92,-25,-117,-112
-23,-110,-97,-25,-90,-69
-27,-82,-121,-26,-106,-121
-23,-107,-65,-27,-83,-103
-26,-123,-107,-27,-82,-71
-23,-78,-100,-28,-70,-114
-23,-105,-66,-28,-72,-104
-27,-113,-72,-27,-66,-110
-27,-113,-72,-25,-87,-70
-27,-123,-128,-27,-82,-104
-27,-113,-72,-27,-81,-121
-27,-115,-105,-23,-105,-88
-27,-111,-68,-27,-69,-74
-27,-83,-112,-24,-67,-90
-23,-94,-101,-27,-83,-103
-25,-85,-81,-26,-100,-88
-27,-73,-85,-23,-87,-84
-27,-123,-84,-24,-91,-65
-26,-68,-122,-23,-101,-107
-24,-67,-90,-26,-83,-93
-27,-93,-92,-23,-87,-73
-27,-123,-84,-24,-119,-81
-26,-117,-109,-24,-73,-117
-27,-92,-71,-24,-80,-73
-27,-82,-80,-25,-120,-74
-24,-80,-73,-26,-94,-127
-26,-82,-75,-27,-71,-78
-25,-103,-66,-23,-121,-116
-28,-72,-100,-23,-125,-83
-27,-66,-82,-25,-108,-97
-26,-94,-127,-28,-72,-104
-27,-73,-90,-28,-72,-104
-28,-72,-100,-23,-105,-88
-24,-91,-65,-23,-105,-88
-27,-115,-105,-27,-82,-85
-25,-84,-84,-28,-70,-108
-27,-123,-84,-28,-69,-86
-27,-123,-84,-28,-71,-104
-27,-92,-86,-27,-113,-78
-28,-69,-78,-23,-107,-65
-27,-113,-108,-27,-83,-103
-27,-79,-120,-25,-86,-127
-27,-80,-108,-26,-100,-79
-28,-72,-100,-28,-71,-95
-25,-101,-72,-23,-121,-116
-24,-125,-95,-26,-81,-115
-27,-113,-72,-27,-97,-114
-27,-68,-96,-27,-69,-106
-23,-101,-115,-23,-105,-88
-26,-81,-117,-28,-72,-104
-24,-76,-70,-27,-123,-80
-25,-74,-90,-26,-81,-117
-27,-79,-117,-27,-70,-112
-25,-117,-84,-27,-83,-92
-27,-115,-105,-23,-125,-83
-27,-116,-105,-27,-82,-85
-25,-114,-117,-27,-83,-103
